300 222
235 178
93 137
93 134
104 50
210 240
40 50
40 82
270 179
9 109
9 184
175 72
175 271
278 6
44 157
44 83
44 211
6 29
6 3
157 212
157 88
102 156
102 178
28 257
132 39
30 223
292 149
45 84
45 134
272 218
272 123
272 27
272 276
41 299
41 78
273 257
117 191
212 227
212 167
69 46
69 33
285 151
31 185
228 72
228 282
228 184
75 224
75 138
75 183
130 59
130 116
55 222
55 32
55 256
7 286
7 233
7 256
7 165
39 81
39 56
39 66
290 264
177 155
177 208
13 182
204 269
26 16
26 18
283 165
67 83
67 217
67 47
259 57
259 37
85 70
85 165
144 88
263 193
263 182
263 18
263 25
224 89
118 87
118 174
70 107
155 27
186 10
186 162
300 199
300 230
300 33
168 251
168 145
239 17
239 145
120 128
213 188
213 88
213 247
131 156
131 94
274 151
14 72
188 16
188 37
188 154
241 27
119 103
222 253
275 87
275 233
87 88
87 262
87 61
199 1
181 197
288 227
96 297
96 276
126 124
105 12
105 197
226 173
156 142
176 190
22 35
22 95
242 172
121 100
179 150
179 27
122 29
36 196
233 243
233 140
180 101
180 190
180 86
180 257
206 142
100 236
293 135
16 79
143 160
143 20
143 24
143 295
143 80
237 52
198 171
198 211
97 164
97 249
97 209
97 148
160 112
12 218
12 271
12 296
29 215
29 246
166 10
207 21
109 211
109 252
249 216
136 23
125 258
50 1
211 165
187 260
167 197
79 77
59 182
127 299
127 58
84 230
84 287
200 133
134 208
141 5
141 163
208 190
115 48
20 33
20 165
88 162
71 255
161 247
161 217
106 185
106 5
254 159
10 256
267 90
73 217
281 184
255 5
256 19
261 147
101 250
107 4
289 114
289 33
17 61
158 74
158 23
82 27
42 33
258 78
140 139
230 90
148 197
27 56
27 77
246 133
90 197
37 78
154 184
133 98
5 38
163 33
18 54
0 0